id	gender	age	adv	category	frequency	word_length	surprisal	adv_RT	sentence	sentence_RT
007	F	27	languidly	rare	2.04	9	46.11696910858154	3.8387017250061035	5	12.713017225265503
007	F	27	audaciously	rare	1.87	11	34.2632417678833	4.319358825683594	11	23.564186096191406
007	F	27	angrily	common	3.34	7	15.555511474609375	6.475406169891357	4	10.944314241409302
007	F	27	dexterously	rare	1.43	11	33.66762161254883	3.0425307750701904	1	8.222018003463745
007	F	27	normally	common	4.57	8	15.229681015014648	0.9327690601348877	10	4.5429558753967285
007	F	27	insidiously	rare	2.09	11	58.4285945892334	0.4464569091796875	7	4.041871070861816
007	F	27	sedulously	rare	1.2	10	31.638813018798828	0.5555927753448486	9	3.892815113067627
007	F	27	desperately	common	3.98	11	13.908486366271973	0.9543371200561523	6	3.629310131072998
007	F	27	passionately	common	3.33	12	17.545166015625	2.692331075668335	2	9.264349937438965
007	F	27	happily	common	4.11	7	16.239721298217773	0.8717129230499268	0	3.3086581230163574
007	F	27	emotionally	common	4.04	11	14.575103759765625	2.4574999809265137	8	7.354151964187622
007	F	27	ferociously	rare	2.46	11	59.79363441467285	4.799702167510986	3	7.794642925262451
001	M	29	nervously	common	3.27	9	15.868431091308594	3.2585039138793945	5	13.659119844436646
001	M	29	belligerently	rare	1.9	13	55.433589935302734	5.704798221588135	2	23.77293300628662
001	M	29	successfully	common	4.45	12	15.366941452026367	3.7954978942871094	1	15.68108320236206
001	M	29	amiably	rare	2.02	7	34.04397487640381	3.6979458332061768	0	11.13756012916565
001	M	29	affably	rare	1.68	7	33.415852546691895	4.092227220535278	4	12.141029119491577
001	M	29	petulantly	rare	1.7	10	61.445457458496094	6.377954959869385	8	23.518558025360107
001	M	29	constantly	common	4.53	10	15.275320053100586	5.276173830032349	7	9.674390077590942
001	M	29	mundanely	rare	1.19	9	31.853524208068848	3.098947048187256	10	5.88568902015686
001	M	29	unexpectedly	common	3.71	12	15.709169387817383	1.2254359722137451	3	3.454153060913086
001	M	29	tenaciously	rare	2.19	11	31.364498138427734	4.025083065032959	6	10.96356201171875
001	M	29	carefully	common	4.46	9	14.272598266601562	4.167287111282349	9	14.571271896362305
001	M	29	confidently	common	3.41	11	16.01131820678711	4.895378828048706	11	20.700677156448364
006	F	23	tenaciously	rare	2.19	11	31.364498138427734	0.73297119140625	6	4.5539679527282715
006	F	23	carefully	common	4.46	9	14.272598266601562	0.6769669055938721	9	5.296067953109741
006	F	23	affably	rare	1.68	7	33.415852546691895	0.5278911590576172	4	4.05364203453064
006	F	23	amiably	rare	2.02	7	34.04397487640381	0.9739010334014893	0	7.924059867858887
006	F	23	constantly	common	4.53	10	15.275320053100586	0.6747598648071289	7	4.5930938720703125
006	F	23	belligerently	rare	1.9	13	55.433589935302734	1.0249769687652588	2	6.416298151016235
006	F	23	successfully	common	4.45	12	15.366941452026367	0.772423267364502	1	4.46205997467041
006	F	23	petulantly	rare	1.7	10	61.445457458496094	1.4800879955291748	8	6.244132041931152
006	F	23	nervously	common	3.27	9	15.868431091308594	0.8854668140411377	5	4.860199213027954
006	F	23	confidently	common	3.41	11	16.01131820678711	0.7212128639221191	11	5.835026979446411
006	F	23	unexpectedly	common	3.71	12	15.709169387817383	0.5253090858459473	3	2.477492094039917
006	F	23	mundanely	rare	1.19	9	31.853524208068848	1.276353120803833	10	4.76436185836792
008	F	23	ferociously	rare	2.46	11	59.79363441467285	5.426616907119751	3	7.281554937362671
008	F	23	angrily	common	3.34	7	15.555511474609375	1.0416629314422607	4	5.172930002212524
008	F	23	passionately	common	3.33	12	17.545166015625	0.7553668022155762	2	8.143430948257446
008	F	23	languidly	rare	2.04	9	46.11696910858154	0.6506688594818115	5	6.07449197769165
008	F	23	emotionally	common	4.04	11	14.575103759765625	0.8601279258728027	8	5.348971128463745
008	F	23	happily	common	4.11	7	16.239721298217773	0.6287081241607666	0	3.4177281856536865
008	F	23	dexterously	rare	1.43	11	33.66762161254883	0.5484299659729004	1	4.00848913192749
008	F	23	normally	common	4.57	8	15.229681015014648	2.8562629222869873	10	4.741091012954712
008	F	23	audaciously	rare	1.87	11	34.2632417678833	0.7186009883880615	11	6.620321035385132
008	F	23	insidiously	rare	2.09	11	58.4285945892334	0.5043940544128418	7	4.055347919464111
008	F	23	desperately	common	3.98	11	13.908486366271973	0.4748561382293701	6	3.036675214767456
008	F	23	sedulously	rare	1.2	10	31.638813018798828	1.1154639720916748	9	4.967934846878052
002	F	20	amiably	rare	2.02	7	34.04397487640381	0.5882489681243896	0	6.061615228652954
002	F	20	successfully	common	4.45	12	15.366941452026367	0.5805771350860596	1	5.548313856124878
002	F	20	unexpectedly	common	3.71	12	15.709169387817383	0.6208348274230957	3	4.065309047698975
002	F	20	affably	rare	1.68	7	33.415852546691895	0.534451961517334	4	4.866699934005737
002	F	20	belligerently	rare	1.9	13	55.433589935302734	2.3376588821411133	2	10.78779911994934
002	F	20	petulantly	rare	1.7	10	61.445457458496094	1.2727370262145996	8	5.468821048736572
002	F	20	carefully	common	4.46	9	14.272598266601562	0.5322978496551514	9	4.713651180267334
002	F	20	mundanely	rare	1.19	9	31.853524208068848	0.5839002132415771	10	2.701540231704712
002	F	20	confidently	common	3.41	11	16.01131820678711	0.7976961135864258	11	6.639482736587524
002	F	20	tenaciously	rare	2.19	11	31.364498138427734	0.774399995803833	6	3.959017038345337
002	F	20	nervously	common	3.27	9	15.868431091308594	0.4809739589691162	5	3.7421789169311523
002	F	20	constantly	common	4.53	10	15.275320053100586	0.34262776374816895	7	2.65297269821167
003	F	25	confidently	common	3.41	11	16.01131820678711	2.4043216705322266	11	19.98262882232666
003	F	25	tenaciously	rare	2.19	11	31.364498138427734	3.3757980823516846	6	17.106987094879152
003	F	25	belligerently	rare	1.9	13	55.433589935302734	3.3433971405029297	2	22.622178077697754
003	F	25	constantly	common	4.53	10	15.275320053100586	1.262963056564331	7	10.63736605644226
003	F	25	carefully	common	4.46	9	14.272598266601562	1.1031928062438965	9	9.388272285461426
003	F	25	mundanely	rare	1.19	9	31.853524208068848	3.3591158390045166	10	6.901008129119873
003	F	25	petulantly	rare	1.7	10	61.445457458496094	1.9062318801879883	8	11.955035924911499
003	F	25	amiably	rare	2.02	7	34.04397487640381	1.6728301048278809	0	7.380220890045166
003	F	25	nervously	common	3.27	9	15.868431091308594	2.86382794380188	5	9.049551010131836
003	F	25	unexpectedly	common	3.71	12	15.709169387817383	1.2288360595703125	3	4.250692129135132
003	F	25	successfully	common	4.45	12	15.366941452026367	0.960686206817627	1	8.107548952102661
003	F	25	affably	rare	1.68	7	33.415852546691895	3.938764810562134	4	8.81502914428711
004	M	26	unexpectedly	common	3.71	12	15.709169387817383	1.465075969696045	3	5.467484951019287
004	M	26	tenaciously	rare	2.19	11	31.364498138427734	2.489888906478882	6	9.701995134353638
004	M	26	carefully	common	4.46	9	14.272598266601562	1.2924938201904297	9	9.060858964920044
004	M	26	belligerently	rare	1.9	13	55.433589935302734	1.7656519412994385	2	11.688600063323975
004	M	26	amiably	rare	2.02	7	34.04397487640381	1.3508150577545166	0	6.656277418136597
004	M	26	mundanely	rare	1.19	9	31.853524208068848	1.5259709358215332	10	4.730241060256958
004	M	26	constantly	common	4.53	10	15.275320053100586	0.9158651828765869	7	5.5598461627960205
004	M	26	affably	rare	1.68	7	33.415852546691895	0.7124972343444824	4	5.409214973449707
004	M	26	nervously	common	3.27	9	15.868431091308594	1.4154040813446045	5	6.086752891540527
004	M	26	petulantly	rare	1.7	10	61.445457458496094	4.780891180038452	8	11.662760972976685
004	M	26	successfully	common	4.45	12	15.366941452026367	0.8170459270477295	1	5.410743951797485
004	M	26	confidently	common	3.41	11	16.01131820678711	1.0730979442596436	11	11.536597967147827
005	M	25	constantly	common	4.53	10	15.275320053100586	1.4641692638397217	7	8.122767925262451
005	M	25	mundanely	rare	1.19	9	31.853524208068848	1.9994101524353027	10	24.62654399871826
005	M	25	affably	rare	1.68	7	33.415852546691895	1.11983323097229	4	10.588623046875
005	M	25	petulantly	rare	1.7	10	61.445457458496094	2.4511401653289795	8	13.046662092208862
005	M	25	unexpectedly	common	3.71	12	15.709169387817383	1.3322029113769531	3	5.664638996124268
005	M	25	nervously	common	3.27	9	15.868431091308594	0.9591999053955078	5	9.237782955169678
005	M	25	tenaciously	rare	2.19	11	31.364498138427734	1.949774980545044	6	7.346668004989624
005	M	25	carefully	common	4.46	9	14.272598266601562	1.5383110046386719	9	5.760831117630005
005	M	25	successfully	common	4.45	12	15.366941452026367	0.916628360748291	1	5.889220952987671
005	M	25	belligerently	rare	1.9	13	55.433589935302734	1.9163827896118164	2	7.890662908554077
005	M	25	confidently	common	3.41	11	16.01131820678711	0.9882738590240479	11	6.562428951263428
005	M	25	amiably	rare	2.02	7	34.04397487640381	0.4988081455230713	0	4.120874881744385
009	F	23	desperately	common	3.98	11	13.908486366271973	5.0970299243927	6	15.307327032089233
009	F	23	ferociously	rare	2.46	11	59.79363441467285	3.4370498657226562	3	9.944220066070557
009	F	23	angrily	common	3.34	7	15.555511474609375	6.89140510559082	4	16.418685913085938
009	F	23	happily	common	4.11	7	16.239721298217773	2.1082639694213867	0	9.301954746246338
009	F	23	dexterously	rare	1.43	11	33.66762161254883	2.0865237712860107	1	10.867386102676392
009	F	23	sedulously	rare	1.2	10	31.638813018798828	2.6563661098480225	9	14.408977270126343
009	F	23	insidiously	rare	2.09	11	58.4285945892334	2.529041290283203	7	10.900016069412231
009	F	23	emotionally	common	4.04	11	14.575103759765625	2.9128220081329346	8	12.588168144226074
009	F	23	passionately	common	3.33	12	17.545166015625	1.6360352039337158	2	11.961260080337524
009	F	23	languidly	rare	2.04	9	46.11696910858154	2.8021960258483887	5	9.630422115325928
009	F	23	audaciously	rare	1.87	11	34.2632417678833	2.0012810230255127	11	10.37896203994751
009	F	23	normally	common	4.57	8	15.229681015014648	1.4847040176391602	10	4.9379119873046875
013	F	24	ferociously	rare	2.46	11	59.79363441467285	6.1167168617248535	3	15.822425127029419
013	F	24	passionately	common	3.33	12	17.545166015625	2.916891098022461	2	20.35983633995056
013	F	24	desperately	common	3.98	11	13.908486366271973	1.4096870422363281	6	7.776335954666138
013	F	24	angrily	common	3.34	7	15.555511474609375	1.976438045501709	4	6.316341876983643
013	F	24	dexterously	rare	1.43	11	33.66762161254883	0.7170400619506836	1	8.55430006980896
013	F	24	happily	common	4.11	7	16.239721298217773	0.5890398025512695	0	3.9391729831695557
013	F	24	emotionally	common	4.04	11	14.575103759765625	1.302854061126709	8	6.951933860778809
013	F	24	audaciously	rare	1.87	11	34.2632417678833	5.025150775909424	11	10.24776315689087
013	F	24	insidiously	rare	2.09	11	58.4285945892334	1.8169887065887451	7	12.142668008804321
013	F	24	normally	common	4.57	8	15.229681015014648	0.6021890640258789	10	2.497067928314209
013	F	24	languidly	rare	2.04	9	46.11696910858154	0.6632919311523438	5	5.423831939697266
013	F	24	sedulously	rare	1.2	10	31.638813018798828	5.664407014846802	9	10.131340980529785
010	M	27	audaciously	rare	1.87	11	34.2632417678833	8.69055461883545	11	21.3781259059906
010	M	27	dexterously	rare	1.43	11	33.66762161254883	1.3775031566619873	1	6.42351770401001
010	M	27	ferociously	rare	2.46	11	59.79363441467285	1.518052339553833	3	4.104229211807251
010	M	27	happily	common	4.11	7	16.239721298217773	1.0237376689910889	0	5.412170171737671
010	M	27	insidiously	rare	2.09	11	58.4285945892334	1.3171539306640625	7	7.606116771697998
010	M	27	angrily	common	3.34	7	15.555511474609375	1.0016236305236816	4	4.589388370513916
010	M	27	languidly	rare	2.04	9	46.11696910858154	1.030771017074585	5	4.977577447891235
010	M	27	normally	common	4.57	8	15.229681015014648	0.37219810485839844	10	1.827188491821289
010	M	27	emotionally	common	4.04	11	14.575103759765625	0.9322788715362549	8	8.279264450073242
010	M	27	desperately	common	3.98	11	13.908486366271973	1.1129224300384521	6	5.454644441604614
010	M	27	sedulously	rare	1.2	10	31.638813018798828	1.5640037059783936	9	5.703031301498413
010	M	27	passionately	common	3.33	12	17.545166015625	2.029729127883911	2	6.399108409881592
011	F	24	happily	common	4.11	7	16.239721298217773	1.2926445007324219	0	6.117239952087402
011	F	24	ferociously	rare	2.46	11	59.79363441467285	2.0284924507141113	3	4.958448886871338
011	F	24	audaciously	rare	1.87	11	34.2632417678833	2.0003604888916016	11	12.378608226776123
011	F	24	languidly	rare	2.04	9	46.11696910858154	1.8781654834747314	5	8.416505336761475
011	F	24	emotionally	common	4.04	11	14.575103759765625	2.358181953430176	8	12.96713638305664
011	F	24	angrily	common	3.34	7	15.555511474609375	1.6883668899536133	4	6.747259140014648
011	F	24	dexterously	rare	1.43	11	33.66762161254883	1.6073276996612549	1	14.199962615966797
011	F	24	insidiously	rare	2.09	11	58.4285945892334	1.926887035369873	7	10.178892612457275
011	F	24	desperately	common	3.98	11	13.908486366271973	1.4988429546356201	6	12.749770879745483
011	F	24	passionately	common	3.33	12	17.545166015625	1.994809865951538	2	11.383377075195312
011	F	24	normally	common	4.57	8	15.229681015014648	1.6236793994903564	10	4.0810387134552
011	F	24	sedulously	rare	1.2	10	31.638813018798828	1.060366153717041	9	7.889079570770264
012	M	25	dexterously	rare	1.43	11	33.66762161254883	2.3852570056915283	1	9.590465068817139
012	M	25	normally	common	4.57	8	15.229681015014648	1.0008759498596191	10	5.935083866119385
012	M	25	angrily	common	3.34	7	15.555511474609375	0.7978448867797852	4	6.413990020751953
012	M	25	ferociously	rare	2.46	11	59.79363441467285	1.2457001209259033	3	3.4986791610717773
012	M	25	passionately	common	3.33	12	17.545166015625	0.6881370544433594	2	7.175246000289917
012	M	25	happily	common	4.11	7	16.239721298217773	1.386789083480835	0	4.91811203956604
012	M	25	languidly	rare	2.04	9	46.11696910858154	1.5344130992889404	5	6.145128965377808
012	M	25	insidiously	rare	2.09	11	58.4285945892334	0.6173372268676758	7	5.602082014083862
012	M	25	audaciously	rare	1.87	11	34.2632417678833	1.0153300762176514	11	6.1207520961761475
012	M	25	sedulously	rare	1.2	10	31.638813018798828	0.6558279991149902	9	5.755456924438477
012	M	25	desperately	common	3.98	11	13.908486366271973	0.5816118717193604	6	3.3678677082061768
012	M	25	emotionally	common	4.04	11	14.575103759765625	1.1389720439910889	8	6.007727146148682
014	F	24	affably	rare	1.68	7	33.415852546691895	1.200563907623291	4	5.825653791427612
014	F	24	mundanely	rare	1.19	9	31.853524208068848	1.332364797592163	10	4.264026165008545
014	F	24	unexpectedly	common	3.71	12	15.709169387817383	0.5138752460479736	3	2.5203938484191895
014	F	24	successfully	common	4.45	12	15.366941452026367	0.6643600463867188	1	6.652354955673218
014	F	24	belligerently	rare	1.9	13	55.433589935302734	2.0849721431732178	2	6.991727113723755
014	F	24	carefully	common	4.46	9	14.272598266601562	0.5833740234375	9	3.3017330169677734
014	F	24	petulantly	rare	1.7	10	61.445457458496094	0.43927502632141113	8	3.874502182006836
014	F	24	amiably	rare	2.02	7	34.04397487640381	0.871323823928833	0	2.5285820960998535
014	F	24	nervously	common	3.27	9	15.868431091308594	0.7311232089996338	5	3.601693868637085
014	F	24	constantly	common	4.53	10	15.275320053100586	0.43718981742858887	7	3.4749958515167236
014	F	24	tenaciously	rare	2.19	11	31.364498138427734	0.4676840305328369	6	2.558972120285034
014	F	24	confidently	common	3.41	11	16.01131820678711	1.8417563438415527	11	5.53259801864624